10000
123462
9991 9997 0.01405000
9997 9991 0.01405000
9979 9987 0.01854000
9987 9979 0.01854000
9963 9992 0.01445000
9992 9963 0.01445000
9943 9999 0.01880000
9999 9943 0.01880000
9941 9958 0.01898000
9958 9941 0.01898000
9934 9948 0.01317000
9948 9934 0.01317000
9929 9963 0.01649000
9963 9929 0.01649000
9929 9992 0.00389000
9992 9929 0.00389000
9912 9980 0.01251000
9980 9912 0.01251000
9898 9991 0.01674000
9991 9898 0.01674000
9898 9997 0.00474000
9997 9898 0.00474000
9895 9975 0.01662000
9975 9895 0.01662000
9888 9955 0.00657000
9955 9888 0.00657000
9886 9891 0.01873000
9891 9886 0.01873000
9883 9905 0.01615000
9905 9883 0.01615000
9879 9951 0.01657000
9951 9879 0.01657000
9879 9960 0.01503000
9960 9879 0.01503000
9854 9909 0.01650000
9909 9854 0.01650000
9846 9849 0.01235000
9849 9846 0.01235000
9840 9848 0.01745000
9848 9840 0.01745000
9834 9989 0.01293000
9989 9834 0.01293000
9833 9986 0.00305000
9986 9833 0.00305000
9829 9851 0.01919000
9851 9829 0.01919000
9826 9912 0.00217000
9912 9826 0.00217000
9826 9980 0.01412000
9980 9826 0.01412000
9824 9852 0.01539000
9852 9824 0.01539000
9820 9974 0.01083000
9974 9820 0.01083000
9813 9881 0.01417000
9881 9813 0.01417000
9811 9927 0.00696000
9927 9811 0.00696000
9805 9914 0.01142000
9914 9805 0.01142000
9805 9998 0.01509000
9998 9805 0.01509000
9802 9850 0.00559000
9850 9802 0.00559000
9791 9797 0.01327000
9797 9791 0.01327000
9789 9864 0.01197000
9864 9789 0.01197000
9787 9977 0.01730000
9977 9787 0.01730000
9784 9843 0.01486000
9843 9784 0.01486000
9781 9816 0.00915000
9816 9781 0.00915000
9776 9974 0.01958000
9974 9776 0.01958000
9774 9930 0.01163000
9930 9774 0.01163000
9770 9821 0.01508000
9821 9770 0.01508000
9769 9784 0.01763000
9784 9769 0.01763000
9764 9885 0.01449000
9885 9764 0.01449000
9763 9847 0.01431000
9847 9763 0.01431000
9760 9791 0.01800000
9791 9760 0.01800000
9758 9772 0.01310000
9772 9758 0.01310000
9756 9916 0.01780000
9916 9756 0.01780000
9753 9942 0.01926000
9942 9753 0.01926000
9751 9859 0.00761000
9859 9751 0.00761000
9743 9786 0.01126000
9786 9743 0.01126000
9742 9837 0.00882000
9837 9742 0.00882000
9738 9862 0.00358000
9862 9738 0.00358000
9726 9932 0.01984000
9932 9726 0.01984000
9724 9808 0.00697000
9808 9724 0.00697000
9723 9764 0.01645000
9764 9723 0.01645000
9722 9978 0.01041000
9978 9722 0.01041000
9718 9777 0.01966000
9777 9718 0.01966000
9714 9726 0.01752000
9726 9714 0.01752000
9712 9899 0.01575000
9899 9712 0.01575000
9706 9807 0.01703000
9807 9706 0.01703000
9705 9964 0.00785000
9964 9705 0.00785000
9700 9922 0.01960000
9922 9700 0.01960000
9699 9981 0.01087000
9981 9699 0.01087000
9698 9924 0.00863000
9924 9698 0.00863000
9695 9954 0.01426000
9954 9695 0.01426000
9691 9953 0.01503000
9953 9691 0.01503000
9687 9765 0.01132000
9765 9687 0.01132000
9675 9875 0.00809000
9875 9675 0.00809000
9670 9748 0.01540000
9748 9670 0.01540000
9670 9884 0.01382000
9884 9670 0.01382000
9669 9984 0.01894000
9984 9669 0.01894000
9667 9809 0.01678000
9809 9667 0.01678000
9660 9929 0.01681000
9929 9660 0.01681000
9660 9992 0.01399000
9992 9660 0.01399000
9659 9801 0.00656000
9801 9659 0.00656000
9657 9917 0.00860000
9917 9657 0.00860000
9654 9850 0.01967000
9850 9654 0.01967000
9651 9771 0.01652000
9771 9651 0.01652000
9649 9670 0.00355000
9670 9649 0.00355000
9649 9748 0.01882000
9748 9649 0.01882000
9649 9884 0.01212000
9884 9649 0.01212000
9648 9866 0.01250000
9866 9648 0.01250000
9643 9949 0.01492000
9949 9643 0.01492000
9636 9770 0.01936000
9770 9636 0.01936000
9630 9751 0.01243000
9751 9630 0.01243000
9630 9859 0.01989000
9859 9630 0.01989000
9628 9938 0.00567000
9938 9628 0.00567000
9627 9662 0.01509000
9662 9627 0.01509000
9626 9749 0.00755000
9749 9626 0.00755000
9625 9856 0.01846000
9856 9625 0.01846000
9623 9635 0.01286000
9635 9623 0.01286000
9621 9643 0.01185000
9643 9621 0.01185000
9621 9949 0.01416000
9949 9621 0.01416000
9618 9858 0.01698000
9858 9618 0.01698000
9618 9877 0.00632000
9877 9618 0.00632000
9617 9770 0.00796000
9770 9617 0.00796000
9617 9821 0.01036000
9821 9617 0.01036000
9616 9702 0.00411000
9702 9616 0.00411000
9615 9879 0.01854000
9879 9615 0.01854000
9612 9720 0.00735000
9720 9612 0.00735000
9609 9618 0.01978000
9618 9609 0.01978000
9609 9874 0.01693000
9874 9609 0.01693000
9606 9699 0.01597000
9699 9606 0.01597000
9606 9981 0.01160000
9981 9606 0.01160000
9604 9753 0.01616000
9753 9604 0.01616000
9604 9942 0.01129000
9942 9604 0.01129000
9603 9930 0.01329000
9930 9603 0.01329000
9601 9646 0.01086000
9646 9601 0.01086000
9600 9692 0.01536000
9692 9600 0.01536000
9597 9607 0.01551000
9607 9597 0.01551000
9597 9687 0.01847000
9687 9597 0.01847000
9593 9827 0.00986000
9827 9593 0.00986000
9593 9950 0.01875000
9950 9593 0.01875000
9592 9775 0.01522000
9775 9592 0.01522000
9591 9668 0.00569000
9668 9591 0.00569000
9588 9601 0.01762000
9601 9588 0.01762000
9588 9646 0.01567000
9646 9588 0.01567000
9587 9690 0.01584000
9690 9587 0.01584000
9581 9582 0.01807000
9582 9581 0.01807000
9579 9860 0.01753000
9860 9579 0.01753000
9578 9757 0.01473000
9757 9578 0.01473000
9573 9918 0.01925000
9918 9573 0.01925000
9572 9590 0.01199000
9590 9572 0.01199000
9571 9750 0.01154000
9750 9571 0.01154000
9571 9779 0.01377000
9779 9571 0.01377000
9568 9640 0.01843000
9640 9568 0.01843000
9567 9721 0.01634000
9721 9567 0.01634000
9567 9756 0.00975000
9756 9567 0.00975000
9567 9916 0.01195000
9916 9567 0.01195000
9564 9627 0.00196000
9627 9564 0.00196000
9564 9662 0.01530000
9662 9564 0.01530000
9562 9844 0.00147000
9844 9562 0.00147000
9560 9746 0.01441000
9746 9560 0.01441000
9556 9991 0.01044000
9991 9556 0.01044000
9556 9997 0.01730000
9997 9556 0.01730000
9548 9645 0.01606000
9645 9548 0.01606000
9547 9888 0.01332000
9888 9547 0.01332000
9547 9955 0.01415000
9955 9547 0.01415000
9546 9821 0.01868000
9821 9546 0.01868000
9545 9944 0.01098000
9944 9545 0.01098000
9544 9683 0.01460000
9683 9544 0.01460000
9542 9898 0.01720000
9898 9542 0.01720000
9542 9997 0.01693000
9997 9542 0.01693000
9541 9754 0.01643000
9754 9541 0.01643000
9540 9615 0.01828000
9615 9540 0.01828000
9540 9879 0.01634000
9879 9540 0.01634000
9540 9951 0.01289000
9951 9540 0.01289000
9539 9630 0.01728000
9630 9539 0.01728000
9538 9973 0.01309000
9973 9538 0.01309000
9533 9745 0.00399000
9745 9533 0.00399000
9529 9780 0.00564000
9780 9529 0.00564000
9528 9838 0.00927000
9838 9528 0.00927000
9523 9613 0.00408000
9613 9523 0.00408000
9520 9585 0.01479000
9585 9520 0.01479000
9519 9767 0.01135000
9767 9519 0.01135000
9516 9888 0.01484000
9888 9516 0.01484000
9516 9955 0.01204000
9955 9516 0.01204000
9514 9795 0.01303000
9795 9514 0.01303000
9513 9941 0.01994000
9941 9513 0.01994000
9513 9958 0.00299000
9958 9513 0.00299000
9504 9967 0.00973000
9967 9504 0.00973000
9503 9591 0.01473000
9591 9503 0.01473000
9503 9668 0.01377000
9668 9503 0.01377000
9496 9705 0.01619000
9705 9496 0.01619000
9496 9964 0.00934000
9964 9496 0.00934000
9494 9853 0.01147000
9853 9494 0.01147000
9493 9553 0.01180000
9553 9493 0.01180000
9492 9510 0.01793000
9510 9492 0.01793000
9491 9814 0.00742000
9814 9491 0.00742000
9490 9715 0.00262000
9715 9490 0.00262000
9488 9899 0.01908000
9899 9488 0.01908000
9485 9498 0.00886000
9498 9485 0.00886000
9484 9684 0.01559000
9684 9484 0.01559000
9483 9986 0.01998000
9986 9483 0.01998000
9482 9744 0.01567000
9744 9482 0.01567000
9480 9782 0.01891000
9782 9480 0.01891000
9478 9839 0.00374000
9839 9478 0.00374000
9477 9824 0.01834000
9824 9477 0.01834000
9474 9557 0.01700000
9557 9474 0.01700000
9473 9819 0.00632000
9819 9473 0.00632000
9467 9675 0.01890000
9675 9467 0.01890000
9466 9500 0.00966000
9500 9466 0.00966000
9465 9954 0.01919000
9954 9465 0.01919000
9463 9558 0.01809000
9558 9463 0.01809000
9463 9785 0.01791000
9785 9463 0.01791000
9460 9897 0.01640000
9897 9460 0.01640000
9458 9923 0.01999000
9923 9458 0.01999000
9457 9725 0.01762000
9725 9457 0.01762000
9456 9685 0.00217000
9685 9456 0.00217000
9454 9575 0.01229000
9575 9454 0.01229000
9453 9807 0.00830000
9807 9453 0.00830000
9452 9994 0.01440000
9994 9452 0.01440000
9450 9574 0.01551000
9574 9450 0.01551000
9445 9626 0.00660000
9626 9445 0.00660000
9445 9749 0.01334000
9749 9445 0.01334000
9443 9532 0.00415000
9532 9443 0.00415000
9441 9537 0.01832000
9537 9441 0.01832000
9439 9746 0.01460000
9746 9439 0.01460000
9438 9493 0.01740000
9493 9438 0.01740000
9438 9553 0.01546000
9553 9438 0.01546000
9437 9748 0.01854000
9748 9437 0.01854000
9437 9884 0.01712000
9884 9437 0.01712000
9433 9591 0.01945000
9591 9433 0.01945000
9433 9668 0.01903000
9668 9433 0.01903000
9430 9886 0.01582000
9886 9430 0.01582000
9430 9891 0.00961000
9891 9430 0.00961000
9429 9564 0.00972000
9564 9429 0.00972000
9429 9627 0.01129000
9627 9429 0.01129000
9429 9755 0.01114000
9755 9429 0.01114000
9428 9468 0.00781000
9468 9428 0.00781000
9428 9470 0.01786000
9470 9428 0.01786000
9426 9809 0.01565000
9809 9426 0.01565000
9425 9457 0.01777000
9457 9425 0.01777000
9424 9810 0.01125000
9810 9424 0.01125000
9423 9513 0.01344000
9513 9423 0.01344000
9423 9941 0.01533000
9941 9423 0.01533000
9423 9958 0.01062000
9958 9423 0.01062000
9422 9782 0.01106000
9782 9422 0.01106000
9418 9689 0.00136000
9689 9418 0.00136000
9417 9740 0.01140000
9740 9417 0.01140000
9414 9987 0.01306000
9987 9414 0.01306000
9413 9712 0.01664000
9712 9413 0.01664000
9413 9731 0.01927000
9731 9413 0.01927000
9410 9718 0.00974000
9718 9410 0.00974000
9410 9923 0.01684000
9923 9410 0.01684000
9409 9419 0.01465000
9419 9409 0.01465000
9408 9982 0.01864000
9982 9408 0.01864000
9406 9790 0.00820000
9790 9406 0.00820000
9403 9550 0.01868000
9550 9403 0.01868000
9401 9794 0.01981000
9794 9401 0.01981000
9400 9512 0.00594000
9512 9400 0.00594000
9400 9854 0.01483000
9854 9400 0.01483000
9399 9778 0.01195000
9778 9399 0.01195000
9396 9568 0.01356000
9568 9396 0.01356000
9396 9638 0.00655000
9638 9396 0.00655000
9394 9663 0.01258000
9663 9394 0.01258000
9389 9471 0.01006000
9471 9389 0.01006000
9388 9785 0.01419000
9785 9388 0.01419000
9387 9421 0.01131000
9421 9387 0.01131000
9387 9441 0.01819000
9441 9387 0.01819000
9387 9537 0.01879000
9537 9387 0.01879000
9386 9496 0.01606000
9496 9386 0.01606000
9386 9705 0.00161000
9705 9386 0.00161000
9386 9964 0.00721000
9964 9386 0.00721000
9385 9569 0.01037000
9569 9385 0.01037000
9380 9558 0.01909000
9558 9380 0.01909000
9378 9945 0.01666000
9945 9378 0.01666000
9376 9464 0.01398000
9464 9376 0.01398000
9373 9559 0.01304000
9559 9373 0.01304000
9370 9497 0.01676000
9497 9370 0.01676000
9367 9612 0.01611000
9612 9367 0.01611000
9366 9654 0.01461000
9654 9366 0.01461000
9366 9802 0.01276000
9802 9366 0.01276000
9366 9850 0.01493000
9850 9366 0.01493000
9365 9599 0.00641000
9599 9365 0.00641000
9364 9665 0.00714000
9665 9364 0.00714000
9362 9790 0.01795000
9790 9362 0.01795000
9361 9519 0.01619000
9519 9361 0.01619000
9360 9586 0.01453000
9586 9360 0.01453000
9359 9639 0.01518000
9639 9359 0.01518000
9352 9976 0.01213000
9976 9352 0.01213000
9350 9836 0.00826000
9836 9350 0.00826000
9348 9666 0.01559000
9666 9348 0.01559000
9348 9799 0.01227000
9799 9348 0.01227000
9347 9758 0.01147000
9758 9347 0.01147000
9347 9772 0.01323000
9772 9347 0.01323000
9346 9404 0.00680000
9404 9346 0.00680000
9345 9507 0.01577000
9507 9345 0.01577000
9345 9568 0.01093000
9568 9345 0.01093000
9345 9640 0.01741000
9640 9345 0.01741000
9344 9465 0.00973000
9465 9344 0.00973000
9344 9954 0.01510000
9954 9344 0.01510000
9342 9669 0.00653000
9669 9342 0.00653000
9342 9984 0.01802000
9984 9342 0.01802000
9340 9687 0.01829000
9687 9340 0.01829000
9340 9765 0.00795000
9765 9340 0.00795000
9338 9943 0.01688000
9943 9338 0.01688000
9338 9999 0.00375000
9999 9338 0.00375000
9337 9544 0.01946000
9544 9337 0.01946000
9337 9683 0.01223000
9683 9337 0.01223000
9337 9688 0.01042000
9688 9337 0.01042000
9336 9479 0.01471000
9479 9336 0.01471000
9335 9915 0.01493000
9915 9335 0.01493000
9330 9486 0.00037000
9486 9330 0.00037000
9327 9651 0.00662000
9651 9327 0.00662000
9327 9771 0.01587000
9771 9327 0.01587000
9326 9552 0.01668000
9552 9326 0.01668000
9323 9924 0.01551000
9924 9323 0.01551000
9319 9610 0.01853000
9610 9319 0.01853000
9318 9747 0.01883000
9747 9318 0.01883000
9317 9588 0.01378000
9588 9317 0.01378000
9315 9427 0.00500000
9427 9315 0.00500000
9314 9373 0.01112000
9373 9314 0.01112000
9314 9559 0.01394000
9559 9314 0.01394000
9313 9469 0.01230000
9469 9313 0.01230000
9311 9579 0.00990000
9579 9311 0.00990000
9311 9788 0.01961000
9788 9311 0.01961000
9310 9373 0.01577000
9373 9310 0.01577000
9309 9694 0.01615000
9694 9309 0.01615000
9309 9858 0.01896000
9858 9309 0.01896000
9308 9605 0.01822000
9605 9308 0.01822000
9307 9962 0.01800000
9962 9307 0.01800000
9306 9372 0.01194000
9372 9306 0.01194000
9305 9428 0.00134000
9428 9305 0.00134000
9305 9468 0.00666000
9468 9305 0.00666000
9305 9470 0.01786000
9470 9305 0.01786000
9304 9843 0.00781000
9843 9304 0.00781000
9301 9505 0.01321000
9505 9301 0.01321000
9301 9681 0.01796000
9681 9301 0.01796000
9298 9473 0.01555000
9473 9298 0.01555000
9298 9819 0.00957000
9819 9298 0.00957000
9297 9800 0.01759000
9800 9297 0.01759000
9294 9604 0.00562000
9604 9294 0.00562000
9294 9753 0.01549000
9753 9294 0.01549000
9294 9942 0.01669000
9942 9294 0.01669000
9293 9723 0.01788000
9723 9293 0.01788000
9293 9764 0.00521000
9764 9293 0.00521000
9293 9885 0.01858000
9885 9293 0.01858000
9292 9554 0.00660000
9554 9292 0.00660000
9290 9691 0.01806000
9691 9290 0.01806000
9290 9707 0.01432000
9707 9290 0.01432000
9289 9913 0.01960000
9913 9289 0.01960000
9288 9644 0.01614000
9644 9288 0.01614000
9287 9417 0.01743000
9417 9287 0.01743000
9287 9740 0.01369000
9740 9287 0.01369000
9286 9947 0.01654000
9947 9286 0.01654000
9285 9431 0.00921000
9431 9285 0.00921000
9284 9863 0.01379000
9863 9284 0.01379000
9283 9677 0.01077000
9677 9283 0.01077000
9282 9389 0.01203000
9389 9282 0.01203000
9282 9471 0.01842000
9471 9282 0.01842000
9278 9343 0.01496000
9343 9278 0.01496000
9277 9489 0.00392000
9489 9277 0.00392000
9275 9401 0.01303000
9401 9275 0.01303000
9274 9284 0.01237000
9284 9274 0.01237000
9274 9863 0.00173000
9863 9274 0.00173000
9273 9818 0.01612000
9818 9273 0.01612000
9272 9835 0.01233000
9835 9272 0.01233000
9271 9335 0.01106000
9335 9271 0.01106000
9271 9915 0.00580000
9915 9271 0.00580000
9270 9666 0.00763000
9666 9270 0.00763000
9266 9277 0.01622000
9277